0
0
0
0
0
0
0
0
0
0
0
0
0
0
0
0
0
0
0
0
0
0
0
0
0
0
0
0
0
0
0
0
0
0
0
0
0
0
0
0
0
0
0
0
0
0
0
0
0
0
0
0
0
0
0
0
0
0
0
0
0
0
0
0
0
0
0
0
0
0
0
0
0
0
0
0
0
0
0
0
0
0
0
0
0
0
0
0
0
0
0
0
0
0
0
0
0
0
0
0
0
255
255
255
255
255
255
255
255
255
255
255
255
255
255
255
255
255
255
255
255
255
255
255
255
255
255
255
255
255
255
255
255
255
255
255
255
255
255
255
255
255
255
255
255
255
255
255
255
255
255
255
255
255
255
255
255
255
255
255
255
255
255
255
255
255
255
255
255
255
255
255
255
255
255
255
255
255
255
255
255
255
255
255
255
255
255
255
255
255
255
255
255
255
255
255
255
255
255
255
0
255
0
0
0
0
0
0
0
0
0
0
0
0
0
0
0
0
0
0
0
0
0
0
0
0
0
0
0
0
0
0
0
0
0
0
0
0
0
0
0
0
0
0
0
0
0
0
0
0
0
0
0
0
0
0
0
0
0
0
0
0
0
0
0
0
0
0
0
0
0
0
0
0
0
0
0
0
0
0
0
0
0
0
0
0
0
0
0
0
0
0
0
0
0
0
0
0
0
0
0
255
0
0
0
0
0
0
0
0
0
0
0
0
0
0
0
0
0
0
0
0
0
0
0
0
0
0
0
0
0
0
0
0
0
0
0
0
0
0
0
0
0
0
0
0
0
0
0
0
0
0
0
0
0
0
0
0
0
0
0
0
0
0
0
0
0
0
0
0
0
0
0
0
0
0
0
0
0
0
0
0
0
0
0
0
0
0
0
0
0
0
0
0
0
0
0
0
0
0
0
255
0
0
0
0
0
0
0
0
0
0
0
0
0
0
0
0
0
0
0
0
0
0
0
0
0
0
0
0
0
0
0
0
0
0
0
0
0
0
0
0
0
0
0
0
0
0
0
0
0
0
0
0
0
0
0
0
0
0
0
0
0
0
0
0
0
0
0
0
0
0
0
0
0
0
0
0
0
0
0
0
0
0
0
0
0
0
0
0
0
0
0
0
0
0
0
0
0
0
0
255
0
0
0
0
0
0
0
0
0
0
0
0
0
0
0
0
0
0
0
0
0
0
0
0
0
0
0
0
0
0
0
0
0
0
0
0
0
0
0
0
0
0
0
0
0
0
0
0
0
0
0
0
0
0
0
0
0
0
0
0
0
0
0
0
0
0
0
0
0
0
0
0
0
0
0
0
0
0
0
0
0
0
0
0
0
0
0
0
0
0
0
0
0
0
0
0
0
0
0
255
0
0
0
0
0
0
0
0
0
0
0
0
0
0
0
0
0
0
0
0
0
0
0
0
0
0
0
0
0
0
0
0
0
0
0
0
0
0
0
0
0
0
0
0
0
0
0
0
0
0
0
0
0
0
0
0
0
0
0
0
0
0
0
0
0
0
0
0
0
0
0
0
0
0
0
0
0
0
0
0
0
0
0
0
0
0
0
0
0
0
0
0
0
0
0
0
0
0
0
255
0
0
0
0
0
0
0
0
0
0
0
0
0
0
0
0
0
0
0
0
0
0
0
0
0
0
0
0
0
0
0
0
0
0
0
0
0
0
0
0
0
0
0
0
0
0
0
0
0
0
0
0
0
0
0
0
0
0
0
0
0
0
0
0
0
0
0
0
0
0
0
0
0
0
0
0
0
0
0
0
0
0
0
0
0
0
0
0
0
0
0
0
0
0
0
0
0
0
0
255
0
0
0
0
0
0
0
0
0
0
0
0
0
0
0
0
0
0
0
0
0
0
0
0
0
0
0
0
0
0
0
0
0
0
0
0
0
0
0
0
0
0
0
0
0
0
0
0
0
0
0
0
0
0
0
0
0
0
0
0
0
0
0
0
0
0
0
0
0
0
0
0
0
0
0
0
0
0
0
0
0
0
0
0
0
0
0
0
0
0
0
0
0
0
0
0
0
0
0
255
0
0
0
0
0
0
0
0
0
0
0
0
0
0
0
0
0
0
0
0
0
0
0
0
0
0
0
0
0
0
0
0
0
0
0
0
0
0
0
0
0
0
0
0
0
0
0
0
0
0
0
0
0
0
0
0
0
0
0
0
0
0
0
0
0
0
0
0
0
0
0
0
0
0
0
0
0
0
0
0
0
0
0
0
0
0
0
0
0
0
0
0
0
0
0
0
0
0
0
255
0
0
0
0
0
0
0
0
0
0
0
0
0
0
0
0
0
0
0
0
0
0
0
0
0
0
0
0
0
0
0
0
0
0
0
0
0
0
0
0
0
0
0
0
0
0
0
0
0
0
0
0
0
0
0
0
0
0
0
0
0
0
0
0
0
0
0
0
0
0
0
0
0
0
0
0
0
0
0
0
0
0
0
0
0
0
0
0
0
0
0
0
0
0
0
0
0
0
0
255
0
0
0
0
0
0
0
0
0
0
0
0
0
0
0
0
0
0
0
0
0
0
0
0
0
0
0
0
0
0
0
0
0
0
0
0
0
0
0
0
0
0
0
0
0
0
0
0
0
0
0
0
0
0
0
0
0
0
0
0
0
0
0
0
0
0
0
0
0
0
0
0
0
0
0
0
0
0
0
0
0
0
0
0
0
0
0
0
0
0
0
0
0
0
0
0
0
0
0
255
0
0
0
0
0
0
0
0
0
0
0
0
0
0
0
0
0
0
0
0
0
0
0
0
0
0
0
0
0
0
0
0
0
0
0
0
0
0
0
0
0
0
0
0
0
0
0
0
0
0
0
0
0
0
0
0
0
0
0
0
0
0
0
0
0
0
0
0
0
0
0
0
0
0
0
0
0
0
0
0
0
0
0
0
0
0
0
0
0
0
0
0
0
0
0
0
0
0
0
255
0
0
0
0
0
0
0
0
0
0
0
0
0
0
0
0
0
0
0
0
0
0
0
0
0
0
0
0
0
0
0
0
0
0
0
0
0
0
0
0
0
0
0
0
0
0
0
0
0
0
0
0
0
0
0
0
0
0
0
0
0
0
0
0
0
0
0
0
0
0
0
0
0
0
0
0
0
0
0
0
0
0
0
0
0
0
0
0
0
0
0
0
0
0
0
0
0
0
0
255
0
0
0
0
0
0
0
0
0
0
0
0
0
0
0
0
0
0
0
0
0
0
0
0
0
0
0
0
0
0
0
0
0
0
0
0
0
0
0
0
0
0
0
0
0
0
0
0
0
0
0
0
0
0
0
0
0
0
0
0
0
0
0
0
0
0
0
0
0
0
0
0
0
0
0
0
0
0
0
0
0
0
0
0
0
0
0
0
0
0
0
0
0
0
0
0
0
0
0
255
0
0
0
0
0
0
0
0
0
0
0
0
0
0
0
0
0
0
0
0
0
0
0
0
0
0
0
0
0
0
0
0
0
0
0
0
0
0
0
0
0
0
0
0
0
0
0
0
0
0
0
0
0
0
0
0
0
0
0
0
0
0
0
0
0
0
0
0
0
0
0
0
0
0
0
0
0
0
0
0
0
0
0
0
0
0
0
0
0
0
0
0
0
0
0
0
0
0
0
255
0
0
0
0
0
0
0
0
0
0
0
0
0
0
0
0
0
0
0
0
0
0
0
0
0
0
0
0
0
0
0
0
0
0
0
0
0
0
0
0
0
0
0
0
0
0
0
0
0
0
0
0
0
0
0
0
0
0
0
0
0
0
0
0
0
0
0
0
0
0
0
0
0
0
0
0
0
0
0
0
0
0
0
0
0
0
0
0
0
0
0
0
0
0
0
0
0
0
0
255
0
0
0
0
0
0
0
0
0
0
0
0
0
0
0
0
0
0
0
0
0
0
0
0
0
0
0
0
0
0
0
0
0
0
0
0
0
0
0
0
0
0
0
0
0
0
0
0
0
0
0
0
0
0
0
0
0
0
0
0
0
0
0
0
0
0
0
0
0
0
0
0
0
0
0
0
0
0
0
0
0
0
0
0
0
0
0
0
0
0
0
0
0
0
0
0
0
0
0
255
0
0
0
0
0
0
0
0
0
0
0
0
0
0
0
0
0
0
0
0
0
0
0
0
0
0
0
0
0
0
0
0
0
0
0
0
0
0
0
0
0
0
0
0
0
0
0
0
0
0
0
0
0
0
0
0
0
0
0
0
0
0
0
0
0
0
0
0
0
0
0
0
0
0
0
0
0
0
0
0
0
0
0
0
0
0
0
0
0
0
0
0
0
0
0
0
0
0
0
255
0
0
0
0
0
0
0
0
0
0
0
0
0
0
0
0
0
0
0
0
0
0
0
0
0
0
0
0
0
0
0
0
0
0
0
0
0
0
0
0
0
0
0
0
0
0
0
0
0
0
0
0
0
0
0
0
0
0
0
0
0
0
0
0
0
0
0
0
0
0
0
0
0
0
0
0
0
0
0
0
0
0
0
0
0
0
0
0
0
0
0
0
0
0
0
0
0
0
0
255
0
0
0
0
0
0
0
0
0
0
0
0
0
0
0
0
0
0
0
0
0
0
0
0
0
0
0
0
0
0
0
0
0
0
0
0
0
0
0
0
0
0
0
11
11
22
0
0
11
11
22
11
11
22
0
0
0
0
0
0
0
0
0
0
0
0
0
0
0
0
0
0
0
0
0
0
0
0
0
0
0
0
0
0
0
0
0
0
0
0
0
0
0
0
0
0
0
0
0
255
0
0
0
0
0
0
0
0
0
0
0
0
0
0
0
0
0
0
0
0
0
0
0
0
0
0
0
0
0
0
0
0
0
0
0
0
0
0
0
0
0
0
0
11
0
22
22
33
33
0
11
11
0
22
22
33
22
0
0
0
11
11
22
0
0
0
0
0
0
0
0
0
0
0
0
0
0
0
0
0
0
0
0
0
0
0
0
0
0
0
0
0
0
0
0
0
0
0
0
255
0
0
0
0
0
0
0
0
0
0
0
0
0
0
0
0
0
0
0
0
0
0
0
0
0
0
0
0
0
0
11
11
22
0
0
11
11
22
0
11
46
108
179
241
255
255
255
255
255
255
255
255
255
255
194
125
159
81
22
0
11
0
11
0
0
0
0
0
0
0
0
0
0
0
0
0
0
0
0
0
0
0
0
0
0
0
0
0
0
0
0
0
0
0
0
0
0
0
0
255
0
0
0
0
0
0
0
0
0
0
0
0
0
0
0
0
0
0
0
0
0
0
0
0
0
0
11
11
22
0
11
0
36
83
208
255
255
255
255
255
255
255
255
255
255
232
146
97
93
82
82
145
141
255
255
255
255
255
255
255
255
255
255
255
141
50
11
11
22
11
11
22
0
0
0
0
0
0
0
0
0
0
0
0
0
0
0
0
0
0
0
0
0
0
0
0
0
0
0
255
0
0
0
0
0
0
0
0
0
0
0
0
0
0
0
0
0
0
0
0
0
11
11
22
0
0
11
0
73
180
255
255
255
255
255
181
0
0
0
0
0
0
0
0
0
0
0
0
0
0
0
0
0
0
0
0
0
0
0
0
0
0
46
255
255
255
255
255
255
138
0
11
0
0
0
0
0
0
0
0
0
0
0
0
0
0
0
0
0
0
0
0
0
0
0
0
0
0
0
255
0
0
0
0
0
0
0
0
0
0
0
0
0
0
0
0
0
0
0
0
0
11
0
22
57
142
255
255
255
255
122
0
0
0
0
0
0
0
22
152
255
255
255
255
255
243
229
222
224
220
223
229
236
252
255
255
255
255
166
98
0
0
0
0
0
0
0
0
255
255
255
255
255
70
0
0
11
11
22
0
0
0
0
0
0
0
0
0
0
0
0
0
0
0
0
0
0
0
0
255
0
0
0
0
0
0
0
0
0
0
0
0
0
0
0
0
0
0
0
0
0
35
182
255
255
255
132
0
0
0
0
0
123
255
255
255
207
149
93
62
38
7
9
8
15
4
4
0
2
0
3
0
13
11
12
9
3
16
12
62
87
145
196
255
255
161
0
0
0
0
0
0
255
255
255
255
81
0
11
0
0
0
0
0
0
0
0
0
0
0
0
0
0
0
0
0
0
0
0
255
0
0
0
0
0
0
0
0
0
0
0
0
0
0
0
11
11
22
11
111
255
255
255
1
0
0
0
0
155
255
252
174
83
41
2
0
0
0
10
0
0
6
61
89
147
122
10
6
4
2
2
8
56
102
136
148
7
3
0
0
0
0
0
7
11
31
88
178
255
222
15
0
0
0
0
255
255
255
236
22
11
11
22
0
0
0
0
0
0
0
0
0
0
0
0
0
0
0
0
255
0
0
0
0
0
0
0
0
0
0
0
0
0
0
0
11
0
182
255
255
192
0
0
0
0
255
255
177
94
52
33
0
9
4
2
4
4
6
3
1
4
0
103
0
0
255
4
1
1
1
2
4
187
0
0
247
0
4
2
4
2
4
6
3
1
3
0
20
24
54
58
174
255
90
0
0
0
17
255
255
255
0
11
0
0
0
0
0
0
0
0
0
0
0
0
0
0
0
0
255
0
0
0
0
0
0
0
0
0
0
0
0
0
0
25
180
255
255
0
0
0
0
255
255
170
75
88
217
255
186
90
12
5
1
0
2
2
1
1
2
2
0
149
0
0
255
152
9
5
0
5
55
255
0
0
255
0
5
0
1
0
1
1
2
1
0
3
48
33
252
255
157
45
43
148
255
67
0
0
0
255
255
255
70
11
11
22
0
0
0
0
0
0
0
0
0
0
0
0
255
0
0
0
0
0
0
0
0
0
0
11
11
33
157
255
255
0
0
0
172
255
173
58
62
169
255
255
255
0
42
42
2
1
0
2
0
1
1
0
2
3
2
186
0
0
255
255
5
0
0
0
181
113
0
112
255
0
2
1
1
0
1
0
2
2
5
0
32
0
0
101
255
255
255
140
24
42
201
255
0
0
0
255
255
255
0
11
0
0
0
0
0
0
0
0
0
0
0
0
255
0
0
0
0
0
0
0
0
0
0
11
2
255
255
0
0
0
252
255
143
52
133
255
255
255
0
0
0
0
250
20
7
1
1
1
3
2
1
3
3
0
3
225
0
0
0
255
132
23
32
69
255
0
0
0
255
4
2
2
1
1
2
1
2
0
0
2
4
68
6
0
0
0
255
255
255
209
41
34
112
255
0
0
0
255
255
225
0
0
0
0
0
0
0
0
0
0
0
0
255
0
0
0
0
0
0
0
0
0
25
215
255
234
0
0
255
255
109
31
122
255
255
226
0
0
0
0
0
255
103
8
3
0
1
0
1
1
0
2
2
0
0
255
0
0
0
255
255
255
255
255
255
0
0
0
255
10
0
1
1
0
1
0
0
1
2
1
1
8
226
0
0
0
0
0
213
255
255
249
57
22
96
255
0
0
19
255
255
70
0
0
0
0
0
0
0
0
0
0
255
0
0
0
0
0
0
11
11
103
255
255
0
0
160
255
117
20
161
255
255
133
0
0
0
0
32
0
240
255
5
3
0
0
0
1
1
0
2
3
0
2
6
255
0
0
0
0
0
0
0
0
0
0
0
0
255
40
4
3
1
3
4
2
1
1
2
0
2
0
78
140
0
0
0
0
0
0
60
255
255
255
73
7
126
255
0
0
255
255
191
11
22
0
0
0
0
0
0
0
255
0
0
0
0
0
11
22
57
255
200
0
0
255
186
36
142
255
255
30
0
0
0
0
0
0
0
0
255
184
6
4
0
0
0
0
0
0
1
0
3
2
23
255
0
0
0
0
0
0
0
0
0
0
0
0
255
71
0
1
1
0
0
1
1
0
1
0
2
0
49
235
0
0
0
0
0
0
0
0
0
255
255
247
18
34
249
0
0
143
255
204
11
0
0
0
0
0
0
0
255
0
0
0
0
0
11
67
255
0
0
129
255
89
55
250
255
111
0
0
0
32
0
0
0
0
0
0
255
160
6
4
0
0
0
0
0
1
1
3
2
0
47
255
0
0
0
0
0
0
0
0
0
0
0
0
255
131
5
1
1
2
4
1
0
2
2
2
1
0
56
249
0
0
0
0
0
0
0
0
0
0
60
255
255
129
11
83
254
0
0
255
255
22
0
0
0
0
0
0
255
0
0
0
0
0
180
255
0
0
255
235
37
142
255
255
0
0
0
0
0
0
0
0
0
0
0
0
255
253
8
9
1
2
1
2
3
3
0
2
3
4
85
239
0
0
0
0
0
0
0
0
0
0
0
0
255
209
5
2
1
0
1
0
0
1
0
1
3
8
100
255
0
0
0
0
0
0
0
0
0
0
0
0
255
255
255
30
22
255
0
0
255
255
0
0
0
0
0
0
255
0
0
11
11
177
255
0
0
255
177
31
249
255
0
0
0
0
0
0
0
0
0
0
0
0
0
0
255
255
0
5
0
1
1
0
0
1
2
0
4
0
150
20
0
0
0
0
0
0
0
0
0
0
0
0
255
255
0
4
1
3
2
2
3
2
2
2
5
0
195
0
0
32
0
0
0
0
0
0
0
0
0
0
0
0
255
255
113
20
255
0
0
255
255
22
0
0
0
0
255
0
0
11
19
255
0
0
255
159
79
255
255
0
0
0
0
0
0
0
0
0
0
0
0
0
0
0
0
255
138
12
7
1
0
1
2
1
0
2
0
0
204
0
0
0
0
0
0
0
0
0
0
0
0
0
124
255
0
3
0
1
1
0
0
2
3
0
7
54
255
0
0
0
0
0
0
0
0
0
0
0
0
0
0
0
0
255
255
175
0
235
0
0
255
255
0
0
0
0
255
0
0
51
255
0
0
255
167
84
255
206
0
0
0
0
0
0
0
0
0
0
0
0
0
0
0
32
0
255
255
17
10
2
0
1
1
2
1
1
4
4
255
0
0
0
0
0
0
0
0
0
0
0
0
0
0
255
36
1
1
1
0
1
3
3
0
0
11
195
192
0
0
0
0
0
0
0
0
0
0
0
0
0
0
0
0
0
150
255
183
16
255
0
0
255
162
0
0
0
255
0
0
255
174
0
255
177
87
255
14
0
0
0
0
0
0
0
0
0
0
0
0
0
0
0
0
0
0
0
255
255
17
3
4
4
0
3
5
0
10
62
255
0
0
0
0
0
0
0
0
0
0
0
0
0
0
255
123
8
7
6
8
1
3
0
9
6
135
255
0
0
0
0
0
0
0
0
0
0
0
0
0
0
0
0
0
0
0
188
255
206
22
255
0
195
255
22
0
0
255
0
123
255
0
191
247
54
255
0
0
0
0
0
0
0
0
0
0
0
0
0
0
0
0
0
0
0
0
0
0
255
255
67
0
0
7
0
0
4
0
185
245
0
0
0
0
0
0
0
0
0
0
0
0
0
0
255
255
51
3
0
14
9
5
7
34
168
255
0
0
0
0
0
0
0
0
0
0
0
0
0
0
0
0
0
0
0
0
0
161
255
128
41
144
0
255
255
0
0
255
11
255
0
0
255
53
241
205
0
0
0
0
0
0
0
0
0
0
0
0
0
0
0
0
0
0
0
0
0
0
0
255
255
255
202
127
125
174
255
255
255
0
0
0
0
0
0
0
0
0
0
0
0
0
0
0
7
255
255
255
252
168
121
150
255
255
255
0
0
0
0
0
0
0
0
0
0
0
0
0
0
0
0
0
0
0
0
0
0
0
255
255
45
145
0
0
255
70
0
255
140
255
0
255
173
156
255
0
0
0
0
0
0
0
0
0
0
0
0
0
0
0
0
0
0
0
0
0
0
0
0
0
0
255
255
255
255
255
255
0
0
0
0
0
0
0
0
0
0
0
0
0
0
0
0
0
0
0
0
235
255
255
255
255
255
0
0
0
0
0
0
0
0
0
0
0
0
0
0
0
0
0
0
0
0
0
0
0
0
0
0
255
255
34
247
0
255
255
0
255
255
0
0
255
51
255
0
0
0
0
0
0
0
0
0
0
0
0
0
0
0
0
0
0
0
0
0
0
0
0
0
0
0
0
0
0
0
0
0
0
0
0
0
0
0
0
0
0
0
0
0
0
0
0
0
0
0
0
0
0
0
0
0
0
0
0
0
0
0
0
0
0
0
0
0
0
0
0
0
0
0
0
0
0
0
0
0
0
0
32
0
0
255
104
131
0
0
255
0
255
255
0
255
164
149
214
0
0
0
0
0
0
0
0
0
0
0
0
0
0
0
0
0
0
0
0
0
0
0
0
0
0
0
0
0
0
0
0
32
0
0
0
0
0
0
0
0
0
0
0
0
0
0
0
0
0
0
0
0
0
0
0
0
0
0
0
0
0
0
0
0
0
0
0
0
0
0
0
0
0
0
0
0
0
0
0
0
0
0
0
0
0
255
255
42
181
0
255
0
255
255
0
255
61
255
0
0
0
0
0
0
0
0
0
0
0
0
0
0
0
0
0
0
0
0
0
0
0
0
0
0
0
0
0
0
0
0
0
0
0
0
0
0
0
0
0
0
0
0
0
0
0
0
0
0
0
0
0
0
0
0
0
0
0
0
0
0
0
0
0
0
0
0
0
0
0
0
0
0
0
0
0
0
0
0
0
0
0
0
0
0
0
0
255
35
255
0
255
0
255
0
0
255
39
255
0
0
0
0
0
0
0
0
0
0
0
0
0
0
0
0
0
0
0
0
0
0
0
0
0
0
0
0
0
0
0
0
0
0
0
0
0
0
0
0
0
0
0
0
0
0
0
0
0
0
0
0
0
0
0
0
0
0
0
0
0
0
0
0
0
0
0
0
0
0
0
0
0
0
0
0
0
0
0
0
0
0
0
0
0
0
0
0
255
106
159
0
0
0
255
0
0
255
76
212
0
0
0
0
0
0
0
0
0
0
0
0
0
0
0
0
0
0
0
0
0
0
0
0
0
0
0
0
0
0
0
0
0
0
0
0
0
0
0
0
0
0
0
0
0
0
0
0
0
0
0
0
0
0
0
0
0
0
0
0
0
0
0
0
0
0
0
0
0
0
0
0
0
0
0
0
0
0
0
0
0
0
0
0
0
0
0
0
255
160
107
0
0
0
255
0
53
255
97
97
0
0
0
0
0
0
0
0
0
0
0
0
0
0
0
0
0
0
0
0
0
0
0
0
0
0
0
0
0
0
0
0
0
0
0
0
0
0
0
0
0
0
0
0
0
0
0
0
0
0
0
0
0
0
0
0
0
0
0
0
0
0
0
0
0
0
0
0
0
0
0
0
0
0
0
0
0
0
0
0
0
0
0
0
0
0
0
0
255
221
88
0
0
0
255
0
174
214
100
75
0
0
0
0
0
0
0
0
0
0
0
0
0
0
0
0
0
0
0
0
0
0
0
0
0
0
0
0
0
0
0
0
0
0
0
0
0
0
0
0
0
0
0
0
0
0
0
0
0
0
0
0
0
0
0
0
0
0
0
0
0
0
0
0
0
0
0
0
0
0
0
0
0
0
0
0
0
0
0
0
0
0
0
0
0
0
0
0
255
255
74
74
0
0
255
0
131
239
93
68
0
0
0
0
0
0
0
0
0
0
0
0
0
0
0
0
0
0
0
0
0
0
0
0
0
0
0
0
0
0
0
0
0
0
0
0
0
0
0
0
0
0
0
0
0
0
0
0
0
0
0
0
0
0
0
0
0
0
0
0
0
0
0
0
0
0
0
0
0
0
0
0
0
0
0
0
0
0
0
0
0
0
0
0
0
0
0
0
255
242
71
60
0
0
255
0
0
255
65
123
0
0
0
0
0
0
0
0
0
0
0
0
0
0
0
0
0
0
0
0
0
0
0
0
0
0
0
0
0
0
0
0
0
0
0
0
0
0
0
0
0
0
0
0
0
0
0
0
0
0
0
0
0
0
0
0
0
0
0
0
0
0
0
0
0
0
0
0
0
0
0
0
0
0
0
0
0
0
0
0
0
0
0
0
0
0
32
0
255
176
117
0
0
0
255
0
0
255
23
253
0
0
0
0
0
0
0
0
0
0
0
0
0
0
0
0
0
0
0
0
0
0
0
0
0
0
0
0
0
0
0
0
0
0
0
0
0
0
0
0
0
0
0
0
0
0
0
0
0
0
0
0
0
0
0
0
0
0
0
0
0
0
0
0
0
0
0
0
0
0
0
0
0
0
0
0
0
0
0
0
0
0
0
0
0
0
0
0
255
105
191
0
0
0
255
124
0
255
39
255
0
0
0
0
0
0
0
0
0
0
0
0
0
0
0
0
0
0
0
0
0
0
0
0
0
0
0
0
0
0
0
0
0
0
0
0
0
0
0
0
0
0
0
0
0
0
0
0
0
0
0
0
0
0
0
0
0
0
0
0
0
0
0
0
0
0
0
0
0
0
0
0
0
0
0
0
0
0
0
0
0
0
0
0
0
0
0
0
255
38
255
0
182
0
255
255
0
255
165
116
0
0
0
0
0
0
0
0
0
0
0
0
0
0
0
0
0
0
0
0
0
0
0
0
0
0
0
0
0
0
0
0
0
0
0
0
0
0
0
0
0
0
0
0
0
0
0
0
0
0
0
0
0
0
0
0
0
0
0
0
0
0
0
0
0
0
0
0
0
0
0
0
0
0
0
0
0
0
0
0
0
0
0
0
0
0
0
55
255
66
255
0
255
0
255
255
0
0
255
36
144
0
0
0
0
0
0
0
0
0
0
0
0
0
0
0
0
0
0
0
0
0
0
0
0
0
0
0
0
0
0
0
0
0
0
0
0
0
0
0
0
0
0
0
0
0
0
0
0
0
0
0
0
0
0
0
0
0
0
0
0
0
0
0
0
0
0
0
0
0
0
0
0
0
0
0
0
0
0
0
0
0
0
0
0
0
0
255
167
177
0
0
255
0
255
92
0
0
255
103
212
0
0
0
0
0
0
0
0
0
0
0
0
0
0
0
0
0
0
0
0
0
32
0
0
0
0
0
0
0
0
32
0
0
0
0
0
0
0
0
0
0
0
0
0
0
0
0
0
0
0
0
0
0
0
32
0
0
0
0
0
0
0
0
0
0
0
0
0
0
0
0
0
0
0
0
0
0
0
0
0
0
0
0
0
0
0
255
83
255
0
102
255
0
255
0
255
0
86
255
45
128
0
0
0
0
0
0
0
0
0
0
0
0
0
0
0
0
0
0
0
0
0
0
0
0
0
0
0
0
0
0
0
0
0
0
0
0
0
0
0
0
0
0
0
0
0
0
0
0
0
0
0
0
0
0
0
0
0
0
0
0
0
0
0
0
0
0
0
0
0
0
0
0
0
0
0
0
0
0
0
0
0
0
0
0
255
215
184
54
0
255
118
0
255
0
81
0
0
255
211
128
0
0
0
0
0
0
0
0
0
0
0
0
0
0
0
151
255
255
255
255
15
0
0
0
0
0
0
0
0
0
9
77
0
0
0
0
0
0
0
0
0
0
0
0
0
0
0
0
0
0
0
0
99
0
0
0
0
0
0
0
0
0
0
29
255
255
255
255
154
0
0
0
0
0
0
0
0
0
0
0
0
0
0
0
255
135
255
0
123
255
11
0
255
0
0
255
0
0
255
115
210
0
0
0
0
0
0
0
0
0
0
0
0
0
255
191
66
1
3
12
87
255
0
0
0
0
0
0
191
255
211
125
144
255
0
0
0
0
0
0
0
0
0
0
0
0
0
0
0
0
255
255
152
140
255
202
0
0
0
0
0
0
255
230
93
10
3
9
29
255
0
0
0
0
0
0
0
0
0
0
0
0
0
255
182
255
0
0
255
100
0
0
255
0
0
11
255
0
95
255
90
187
0
0
0
0
0
0
0
0
0
0
0
255
129
3
6
1
2
0
0
13
106
247
0
0
0
255
255
66
0
2
0
15
146
64
0
0
0
0
0
0
0
0
0
0
0
0
162
255
126
7
0
4
0
69
239
0
0
0
255
255
107
0
4
1
2
0
0
14
255
0
0
0
0
0
0
0
0
0
0
0
255
232
244
197
0
255
234
0
0
0
255
0
0
0
69
121
0
255
255
81
204
0
0
0
0
0
0
0
0
0
188
255
11
0
3
2
1
2
5
0
0
23
255
0
0
255
37
1
6
5
5
0
0
110
60
0
0
0
0
0
0
0
0
0
0
237
255
60
7
3
7
6
8
0
156
0
0
255
221
44
5
3
4
2
1
2
10
0
152
0
0
0
0
0
0
0
0
0
0
255
255
255
255
0
152
255
35
0
0
0
255
0
0
0
11
159
0
0
255
255
103
192
0
0
0
0
0
0
0
0
223
255
0
6
0
1
1
0
2
3
5
2
7
68
107
155
1
5
2
0
2
3
8
0
141
0
0
0
0
0
0
0
0
0
48
255
44
10
4
0
0
1
1
0
26
0
134
209
0
8
2
0
0
1
1
0
10
0
171
31
0
0
0
0
0
0
0
0
255
255
245
255
0
0
255
103
0
0
0
0
255
0
0
0
11
0
212
0
0
255
255
121
255
0
0
0
0
0
0
0
74
255
31
2
1
1
0
2
0
1
0
2
0
21
44
19
3
2
1
4
0
2
3
0
11
233
0
0
0
0
0
0
0
0
255
116
7
4
0
1
2
1
1
2
6
21
55
21
8
4
1
2
4
1
0
4
0
0
255
0
0
28
0
32
0
0
0
255
255
255
255
0
0
255
19
11
0
0
0
0
255
0
0
0
0
22
0
201
0
0
176
255
159
196
0
0
0
0
0
0
0
255
163
8
3
2
3
2
2
3
3
2
1
1
0
1
1
1
0
1
2
0
1
2
0
30
206
0
0
0
0
0
0
255
191
7
0
0
0
0
0
0
1
0
2
0
0
4
1
0
1
0
2
2
1
2
7
64
255
0
0
28
0
0
0
0
255
228
255
255
0
0
255
125
11
11
0
0
0
0
255
0
0
0
0
0
11
22
159
179
0
0
255
255
150
198
0
0
0
0
0
255
255
15
5
0
0
3
1
0
0
1
0
0
0
1
1
2
1
1
1
3
4
2
2
0
87
0
0
0
0
0
167
255
22
2
0
0
0
0
0
0
0
1
1
3
0
4
0
0
0
2
0
1
2
0
0
205
144
0
0
0
0
0
255
255
249
255
70
0
31
255
129
0
0
0
0
0
0
0
255
0
0
0
0
0
0
11
0
94
255
0
0
255
255
156
195
127
0
0
0
0
255
240
0
3
0
2
0
1
2
1
0
0
0
1
0
2
1
2
1
0
0
1
0
1
2
255
0
0
0
0
255
106
4
1
0
0
0
1
1
2
1
1
2
1
0
3
1
2
1
1
3
2
5
0
107
255
0
0
0
0
238
255
204
255
255
0
0
255
255
0
11
0
0
0
0
0
0
0
255
0
0
0
0
0
0
0
11
11
25
255
0
0
0
255
255
107
207
222
0
0
0
255
37
2
3
1
0
0
0
1
1
2
0
0
1
3
0
3
0
1
2
1
0
0
1
48
123
0
0
255
229
2
1
0
0
0
0
1
0
1
1
0
1
0
1
2
0
2
2
0
1
2
0
0
168
0
0
0
188
255
202
206
255
235
0
0
255
255
35
11
11
0
0
0
0
0
0
0
255
0
0
0
0
0
0
0
0
0
0
11
171
255
0
0
194
255
255
89
132
255
0
57
18
0
1
0
0
0
0
1
0
1
0
1
1
3
0
3
1
3
1
2
1
2
5
0
245
0
0
255
70
4
1
0
0
0
0
0
2
2
2
1
1
0
0
0
1
2
0
2
1
1
0
15
6
0
230
255
179
192
255
255
0
0
176
255
255
185
127
22
0
0
0
0
0
0
0
0
255
0
0
0
0
0
0
0
0
0
0
11
0
46
255
0
0
0
244
255
255
120
64
96
18
2
3
0
0
0
0
0
1
1
0
1
0
1
1
2
0
3
0
3
2
0
0
0
46
0
0
196
0
3
0
0
1
2
3
2
2
0
4
1
2
0
0
1
1
2
2
2
2
3
5
9
9
62
143
183
255
255
0
0
0
255
255
0
0
0
150
11
0
0
0
0
0
0
0
0
255
0
0
0
0
0
0
0
0
0
0
0
11
11
0
90
255
0
0
0
129
255
255
203
36
0
4
2
3
2
0
1
1
2
1
1
3
1
0
0
1
2
0
2
1
0
3
2
2
53
94
56
0
2
0
0
1
0
0
1
1
0
3
0
1
0
0
1
0
2
3
0
3
6
0
13
90
228
255
255
0
0
0
255
255
129
35
0
0
0
159
11
0
0
0
0
0
0
0
0
255
0
0
0
0
0
0
0
0
0
0
0
0
0
0
0
11
30
255
0
0
0
0
255
255
255
161
31
0
8
2
2
0
4
3
0
1
0
0
0
0
0
1
2
1
3
1
0
0
0
1
1
2
2
3
1
2
1
2
1
0
1
1
1
1
1
2
3
3
5
0
6
20
83
197
255
255
57
0
0
0
255
255
145
0
11
0
35
116
171
90
0
0
0
0
0
0
0
0
0
255
0
0
0
0
0
0
0
0
0
0
0
0
0
0
0
0
11
33
112
255
126
0
0
0
0
255
255
255
216
80
15
4
1
3
1
4
4
10
6
7
2
0
1
0
1
0
0
0
0
1
1
4
0
4
0
2
2
4
4
6
6
8
3
2
1
0
0
8
41
98
255
255
255
114
0
0
0
71
255
255
140
11
0
11
11
0
0
0
0
0
0
0
0
0
0
0
0
0
0
255
0
0
0
0
0
0
0
0
0
0
0
0
0
0
0
0
0
11
0
11
58
224
255
0
0
0
0
0
255
255
255
255
242
118
40
15
0
10
0
2
3
0
1
3
4
3
2
4
4
5
0
6
0
4
1
2
0
0
0
4
0
9
3
26
53
153
255
255
255
255
0
0
0
0
0
255
255
238
69
0
11
0
0
0
0
0
0
0
0
0
0
0
0
0
0
0
0
0
0
255
0
0
0
0
0
0
0
0
0
0
0
0
0
0
0
0
0
0
11
11
0
0
22
13
255
255
0
0
0
0
0
0
201
255
255
255
255
255
200
140
84
43
19
0
0
8
1
6
4
2
1
3
6
12
7
11
27
64
105
152
249
255
255
255
255
255
0
0
0
0
0
0
255
255
202
136
25
0
0
11
11
0
0
0
0
0
0
0
0
0
0
0
0
0
0
0
0
0
0
255
0
0
0
0
0
0
0
0
0
0
0
0
0
0
0
0
0
0
0
0
0
0
0
11
11
33
26
255
255
255
0
0
0
0
0
0
0
0
180
255
255
255
255
255
255
255
255
255
255
255
255
255
255
255
255
255
255
255
255
228
13
0
0
0
0
0
0
0
237
255
255
255
123
11
11
11
0
0
0
0
0
0
0
0
0
0
0
0
0
0
0
0
0
0
0
0
0
0
0
255
0
0
0
0
0
0
0
0
0
0
0
0
0
0
0
0
0
0
0
0
0
0
0
0
0
11
0
0
11
25
136
255
255
255
249
0
0
0
0
0
0
0
0
0
0
0
0
0
0
0
0
0
0
0
0
0
0
0
0
0
0
0
0
115
255
255
255
255
157
35
11
0
11
0
0
0
0
0
0
0
0
0
0
0
0
0
0
0
0
0
0
0
0
0
0
0
0
0
0
255
0
0
0
0
0
0
0
0
0
0
0
0
0
0
0
0
0
0
0
0
0
0
0
0
0
0
11
22
11
0
11
0
11
11
57
138
149
255
255
255
255
255
235
77
0
0
0
0
0
0
0
0
0
0
84
228
255
255
255
255
255
214
217
143
0
33
0
0
11
0
0
11
11
0
0
0
0
0
0
0
0
0
0
0
0
0
0
0
0
0
0
0
0
0
0
0
0
0
0
255
0
0
0
0
0
0
0
0
0
0
0
0
0
0
0
0
0
0
0
0
0
0
0
0
0
0
0
0
0
0
0
11
11
0
11
0
33
0
11
0
11
36
60
93
150
173
214
211
233
211
233
112
203
74
150
93
60
47
0
22
0
22
11
0
11
11
11
22
11
0
0
0
0
0
0
0
0
0
0
0
0
0
0
0
0
0
0
0
0
0
0
0
0
0
0
0
0
0
0
255
0
0
0
0
0
0
0
0
0
0
0
0
0
0
0
0
0
0
0
0
0
0
0
0
0
0
0
0
0
0
0
0
0
0
0
11
11
11
11
0
0
0
0
0
11
0
22
0
22
0
11
11
11
11
11
0
0
0
11
11
11
11
0
0
0
0
0
0
0
0
0
0
0
0
0
0
0
0
0
0
0
0
0
0
0
0
0
0
0
0
0
0
0
0
0
0
0
0
0
255
0
0
0
0
0
0
0
0
0
0
0
0
0
0
0
0
0
0
0
0
0
0
0
0
0
0
0
0
0
0
0
0
0
0
0
0
0
0
0
0
0
0
0
0
0
11
11
11
11
11
11
0
0
0
0
0
0
0
0
0
0
0
0
0
0
0
0
0
0
0
0
0
0
0
0
0
0
0
0
0
0
0
0
0
0
0
0
0
0
0
0
0
0
0
0
0
0
0
0
255
0
0
0
0
0
0
0
0
0
0
0
0
0
0
0
0
0
0
0
0
0
0
0
0
0
0
0
0
0
0
0
0
0
0
0
0
0
0
0
0
0
0
0
0
0
0
0
0
0
0
0
0
0
0
0
0
0
0
0
0
0
0
0
0
0
0
0
0
0
0
0
0
0
0
0
0
0
0
0
0
0
0
0
0
0
0
0
0
0
0
0
0
0
0
0
0
0
0
0
255
0
0
0
0
0
0
0
0
0
0
0
0
0
0
0
0
0
0
0
0
0
0
0
0
0
0
0
0
0
0
0
0
0
0
0
0
0
0
0
0
0
0
0
0
0
0
0
0
0
0
0
0
0
0
0
0
0
0
0
0
0
0
0
0
0
0
0
0
0
0
0
0
0
0
0
0
0
0
0
0
0
0
0
0
0
0
0
0
0
0
0
0
0
0
0
0
0
0
0
255
0
0
0
0
0
0
0
0
0
0
0
0
0
0
0
0
0
0
0
0
0
0
0
0
0
0
0
0
0
0
0
0
0
0
0
0
0
0
0
0
0
0
0
0
0
0
0
0
0
0
0
0
0
0
0
0
0
0
0
0
0
0
0
0
0
0
0
0
0
0
0
0
0
0
0
0
0
0
0
0
0
0
0
0
0
0
0
0
0
0
0
0
0
0
0
0
0
0
0
255
0
0
0
0
0
0
0
0
0
0
0
0
0
0
0
0
0
0
0
0
0
0
0
0
0
0
0
0
0
0
0
0
0
0
0
0
0
0
0
0
0
0
0
0
0
0
0
0
0
0
0
0
0
0
0
0
0
0
0
0
0
0
0
0
0
0
0
0
0
0
0
0
0
0
0
0
0
0
0
0
0
0
0
0
0
0
0
0
0
0
0
0
0
0
0
0
0
0
0
255
0
0
0
0
0
0
0
0
0
0
0
0
0
0
0
0
0
0
0
0
0
0
0
0
0
0
0
0
0
0
0
0
0
0
0
0
0
0
0
0
0
0
0
0
0
0
0
0
0
0
0
0
0
0
0
0
0
0
0
0
0
0
0
0
0
0
0
0
0
0
0
0
0
0
0
0
0
0
0
0
0
0
0
0
0
0
0
0
0
0
0
0
0
0
0
0
0
0
0
255
0
0
0
0
0
0
0
0
0
0
0
0
0
0
0
0
0
0
0
0
0
0
0
0
0
0
0
0
0
0
0
0
0
0
0
0
0
0
0
0
0
0
0
0
0
0
0
0
0
0
0
0
0
0
0
0
0
0
0
0
0
0
0
0
0
0
0
0
0
0
0
0
0
0
0
0
0
0
0
0
0
0
0
0
0
0
0
0
0
0
0
0
0
0
0
0
0
0
0
255
0
0
0
0
0
0
0
0
0
0
0
0
0
0
0
0
0
0
0
0
0
0
0
0
0
0
0
0
0
0
0
0
0
0
0
0
0
0
0
0
0
0
0
0
0
0
0
0
0
0
0
0
0
0
0
0
0
0
0
0
0
0
0
0
0
0
0
0
0
0
0
0
0
0
0
0
0
0
0
0
0
0
0
0
0
0
0
0
0
0
0
0
0
0
0
0
0
0
0
255
0
0
0
0
0
0
0
0
0
0
0
0
0
0
0
0
0
0
0
0
0
0
0
0
0
0
0
0
0
0
0
0
0
0
0
0
0
0
0
0
0
0
0
0
0
0
0
0
0
0
0
0
0
0
0
0
0
0
0
0
0
0
0
0
0
0
0
0
0
0
0
0
0
0
0
0
0
0
0
0
0
0
0
0
0
0
0
0
0
0
0
0
0
0
0
0
0
0
0
255
0
0
0
0
0
0
0
0
0
0
0
0
0
0
0
0
0
0
0
0
0
0
0
0
0
0
0
0
0
0
0
0
0
0
0
0
0
0
0
0
0
0
0
0
0
0
0
0
0
0
0
0
0
0
0
0
0
0
0
0
0
0
0
0
0
0
0
0
0
0
0
0
0
0
0
0
0
0
0
0
0
0
0
0
0
0
0
0
0
0
0
0
0
0
0
0
0
0
0
255
0
0
0
0
0
0
0
0
0
0
0
0
0
0
0
0
0
0
0
0
0
0
0
0
0
0
0
0
0
0
0
0
0
0
0
0
0
0
0
0
0
0
0
0
0
0
0
0
0
0
0
0
0
0
0
0
0
0
0
0
0
0
0
0
0
0
0
0
0
0
0
0
0
0
0
0
0
0
0
0
0
0
0
0
0
0
0
0
0
0
0
0
0
0
0
0
0
0
0
255
0
0
0
0
0
0
0
0
0
0
0
0
0
0
0
0
0
0
0
0
0
0
0
0
0
0
0
0
0
0
0
0
0
0
0
0
0
0
0
0
0
0
0
0
0
0
0
0
0
0
0
0
0
0
0
0
0
0
0
0
0
0
0
0
0
0
0
0
0
0
0
0
0
0
0
0
0
0
0
0
0
0
0
0
0
0
0
0
0
0
0
0
0
0
0
0
0
0
0
255
0
0
0
0
0
0
0
0
0
0
0
0
0
0
0
0
0
0
0
0
0
0
0
0
0
0
0
0
0
0
0
0
0
0
0
0
0
0
0
0
0
0
0
0
0
0
0
0
0
0
0
0
0
0
0
0
0
0
0
0
0
0
0
0
0
0
0
0
0
0
0
0
0
0
0
0
0
0
0
0
0
0
0
0
0
0
0
0
0
0
0
0
0
0
0
0
0
0
0
255
0
0
0
0
0
0
0
0
0
0
0
0
0
0
0
0
0
0
0
0
0
0
0
0
0
0
0
0
0
0
0
0
0
0
0
0
0
0
0
0
0
0
0
0
0
0
0
0
0
0
0
0
0
0
0
0
0
0
0
0
0
0
0
0
0
0
0
0
0
0
0
0
0
0
0
0
0
0
0
0
0
0
0
0
0
0
0
0
0
0
0
0
0
0
0
0
0
0
0
255
0
0
0
0
0
0
0
0
0
0
0
0
0
0
0
0
0
0
0
0
0
0
0
0
0
0
0
0
0
0
0
0
0
0
0
0
0
0
0
0
0
0
0
0
0
0
0
0
0
0
0
0
0
0
0
0
0
0
0
0
0
0
0
0
0
0
0
0
0
0
0
0
0
0
0
0
0
0
0
0
0
0
0
0
0
0
0
0
0
0
0
0
0
0
0
0
0
0
0
255
0
0
0
0
0
0
0
0
0
0
0
0
0
0
0
0
0
0
0
0
0
0
0
0
0
0
0
0
0
0
0
0
0
0
0
0
0
0
0
0
0
0
0
0
0
0
0
0
0
0
0
0
0
0
0
0
0
0
0
0
0
0
0
0
0
0
0
0
0
0
0
0
0
0
0
0
0
0
0
0
0
0
0
0
0
0
0
0
0
0
0
0
0
0
0
0
0
0
0
255
0
0
0
0
0
0
0
0
0
0
0
0
0
0
0
0
0
0
0
0
0
0
0
0
0
0
0
0
0
0
0
0
0
0
0
0
0
0
0
0
0
0
0
0
0
0
0
0
0
0
0
0
0
0
0
0
0
0
0
0
0
0
0
0
0
0
0
0
0
0
0
0
0
0
0
0
0
0
0
0
0
0
0
0
0
0
0
0
0
0
0
0
0
0
0
0
0
0
0
255
0
0
0
0
0
0
0
0
0
0
0
0
0
0
0
0
0
0
0
0
0
0
0
0
0
0
0
0
0
0
0
0
0
0
0
0
0
0
0
0
0
0
0
0
0
0
0
0
0
0
0
0
0
0
0
0
0
0
0
0
0
0
0
0
0
0
0
0
0
0
0
0
0
0
0
0
0
0
0
0
0
0
0
0
0
0
0
0
0
0
0
0
0
0
0
0
0
0
0
255
0
0
0
0
0
0
0
0
0
0
0
0
0
0
0
0
0
0
0
0
0
0
0
0
0
0
0
0
0
0
0
0
0
0
0
0
0
0
0
0
0
0
0
0
0
0
0
0
0
0
0
0
0
0
0
0
0
0
0
0
0
0
0
0
0
0
0
0
0
0
0
0
0
0
0
0
0
0
0
0
0
0
0
0
0
0
0
0
0
0
0
0
0
0
0
0
0
0